52668
1133
98192
87803
64533
51663
65702
60770
74612
46742
48013
92159
21290
44663
15659
86723
67343
16980
74170
45463
30753
61409
88607
25596
77238
45996
79107
81874
13107
99858
43509
54729
13783
49420
60347
76983
9798
90593
20155
50567
89939
14969
20603
82900
53229
37988
5722
64316
77840
49013
59966
18615
36104
90995
93034
81384
17225
44935
2317
22527
42480
62661
68798
48380
96778
90394
87136
16831
41784
10470
91296
64620
56294
22348
94217
62882
21994
41470
47979
3213
66777
29452
6644
51901
47894
47469
20271
7654
58612
89834
43092
60734
44226
18645
34079
29979
2532
74977
94299
35794
89280
89097
98678
52887
84154
40246
27299
88532
28823
36500
65729
67516
51814
7255
59365
31396
12075
49271
32384
66234
86738
29237
92942
46524
85258
7660
81763
40391
33821
72548
59901
70225
79778
39202
67393
96550
15276
69509
34809
64459
57490
55451
66563
85091
97709
47168
87434
68860
45657
96927
55105
92597
4105
21700
770
68221
59058
72449
42219
9795
19093
23339
69474
2265
99596
57368
54274
60002
41652
21501
45623
13255
23079
7152
90714
71061
84215
19896
92716
68280
46070
22061
17478
53228
57307
98450
27897
32877
8634
66910
93594
85272
37604
78597
30465
82209
24924
11850
27260
11097
75722
45259
26433
20510
38542
12877
63909
57774
91064
56784
66450
54512
69658
58073
26176
93861
83140
70994
18342
20448
61890
9005
91234
83035
87562
87473
15058
98638
10955
13894
64214
24891
4211
99380
42767
17225
52384
43651
58233
46795
44954
51895
64971
92790
30808
18885
9047
83056
85014
39534
28813
99623
22987
10732
83329
15968
19275
7393
70892
35093
59484
53994
35276
13185
33653
79074
48133
13389
63319
83508
93875
51330
98399
73014
63846
18083
32580
3520
52446
83363
24252
82742
82078
17943
87805
15100
49378
81219
73353
83625
70733
1597
78300
16443
45175
18914
34003
4844
59146
75652
92064
64769
69972
45747
65455
91067
53252
64530
23646
66596
48152
5705
92221
98868
81228
46405
42448
27450
6013
26882
69560
53928
71924
70710
49813
78772
93483
50894
86423
17028
95437
57043
59056
82858
74475
15284
54545
8742
35127
58320
83610
33659
25839
70010
98768
34836
19662
17939
99277
33689
11125
70608
82735
58720
84623
56066
88674
15947
87
50994
86555
14712
89034
706
10499
79549
78668
18625
61310
41608
23987
78027
56877
31606
43001
71625
33026
57454
9063
32155
60577
23560
35669
50715
22744
43601
97157
36268
23954
68258
99154
10675
94930
87131
43019
67615
89327
67765
93942
26885
11372
30911
63349
47365
7084
21472
70586
92287
60595
71780
49593
50142
98203
79393
25044
54421
69106
99617
90510
67588
16688
2294
35149
17352
79331
50885
57463
63008
81652
31026
98090
5225
12761
24927
91914
46041
29513
93679
81066
34205
97562
12852
11842
66018
28989
91136
16016
15360
91611
20944
39720
89039
91995
16457
1938
21673
9803
79122
27552
97850
32897
76304
1003
76376
97724
53710
61337
69822
7754
49414
95659
2024
51741
28327
5283
53727
40761
40443
75131
72769
2923
44524
81203
10690
89821
49139
8988
57031
76878
71101
11319
53689
94082
36370
97522
17582
26887
34513
689
13946
7974
6294
24797
24428
83562
38115
38882
51253
60651
22711
50246
50563
26429
53721
32857
89996
34105
42547
34726
46267
88778
71122
35717
65682
73361
87303
31342
91069
60070
74768
33602
80556
28335
36262
76
80875
59260
56906
88542
4743
65163
93460
36075
54862
69912
80457
87705
64565
9284
2908
13144
40781
74336
37124
21593
35778
97633
35034
46871
96757
27516
38339
77619
32190
44538
50008
46625
37371
96971
46290
48127
35092
25831
92628
38262
60242
12606
14485
53294
68550
37947
7967
58540
11816
47231
56293
60601
72815
98869
24940
44814
52595
42041
37794
89958
40165
40764
18963
1035
73124
32748
8973
50065
14805
82525
3928
83511
97562
92189
18349
10465
36016
30019
64544
28657
42908
91514
58397
19428
16816
40496
96218
34357
48786
96001
29605
66045
58699
56050
42010
62599
93800
79393
46903
41421
1798
84541
84657
93469
93046
88587
38343
6503
79512
42945
76502
2704
51418
20991
17007
146
70660
10860
31796
48492
13880
57169
65703
92485
50605
52820
56950
35736
38444
24305
467
53477
477
10645
63287
97405
67029
51745
22062
9270
92121
2171
94343
61640
60238
79707
3394
42154
63545
78739
38198
4689
22234
1480
27593
2512
13590
72755
15083
49476
75514
43280
39281
84611
98216
26180
37103
35244
86727
50634
1342
41492
40831
72814
49839
74402
71023
96541
48942
81950
68614
26638
59697
52749
76379
86295
55968
74483
92575
89918
40507
29625
39761
18370
88771
90227
19742
17652
57963
68207
10526
87029
40119
95167
96111
15240
63333
4669
85675
50673
24612
48581
74515
64416
96776
24977
72831
2499
75571
81860
38971
27342
73233
87469
26435
84935
87980
66809
99331
44089
33714
59381
33026
47051
99503
37448
60397
62357
33166
50897
79047
19154
27793
62775
49260
68365
70373
26711
65789
95638
226
70587
51050
75096
66036
9680
1605
31431
52012
86773
38114
45459
55356
84208
28417
52303
46661
59650
31757
70621
14773
49060
6375
17788
17511
18315
55901
79160
75080
60343
69269
84898
26536
80194
79117
29704
11268
22972
64953
30014
9751
5585
91413
91116
51639
14003
1496
60388
77344
56464
67578
61775
82726
62025
92981
76428
57583
11308
99817
36839
90467
71572
68399
12203
10450
44203
82781
31399
20613
35429
67064
4101
66907
47681
21156
48931
7556
75420
48879
97700
44972
46538
91845
30232
66931
47991
67653
54307
738
34118
78595
64896
98788
70395
51717
13786
16313
24765
83836
99942
50394
76092
49981
73412
65241
611
59356
70580
91102
86527
82100
70509
37813
37448
14513
85183
21939
4244
86103
90170
91653
66703
61455
69950
85283
28094
61947
93114
8439
7551
45076
41253
79581
24791
55379
53709
19891
2983
38958
31225
30325
49213
62754
3712
75202
25249
10935
77750
27645
88424
55885
95318
77159
8597
78316
61647
10051
56280
37432
29712
18093
3425
42447
75703
47252
81056
92653
27250
91934
20758
90507
54319
7750
552
28469
88758
77122
19673
68715
82147
24457
14867
24327
7746
59694
79274
77634
35984
8842
60346
13211
90703
33326
68266
28636
3313
77235
58692
58311
79816
68490
7316
88414
23836
16972
33421
85029
99907
38078
84609
67151
25433
57047
41177
58117
60848
60827
85768
17566
27165
47500
71837
50169
17977
53848
26046
21755
5756
94509
76753
91267
93665
97343
6979
54173
45624
42210
79308
29856
49076
29928
88397
70232
41290
45829
16260
30060
26601
19075
20236
27100
4948
16478
23059
32158
38849
54026
92040
25333
53654
36254
26455
62101
96376
30142
19363
66304
20428
11549
97002
31080
18958
65825
64685
39929
83271
27526
88240
44679
17669
55358
36017
78126
51296
17322
30110
41283
76080
64839
84054
35146
91616
62280
87294
92007
38928
97985
84135
42074
54271
33007
76039
70568
72164
17732
52600
5906
87766
3452
48463
95792
20560
47565
29138
80561
65079
90302
86459
29978
24290
65400
99380
80249
62949
90578
48407
90667
47001
22909
73133
54005
15768
53748
72202
20186
41677
93170
23781
74556
91861
48625
71119
42770
95076
67358
65713
36177
17077
48651
88794
48252
81381
58104
82879
95840
26884
66568
86829
6888
27981
26038
17407
31092
85522
39161
9879
62218
31817
54691
94218
92424
18294
19594
19828
15812
48661
16293
65057
27040
31825
40340
17827
98073
34743
55592
80282
61520
99129
88578
76107
45693
68909
34080
91955
73234
89225
85969
59739
87690
52690
54163
75460
21627
74911
47639
43061
43532
42166
92757
99045
58919
84338
85495
23470
91846
38838
66286
20922
64743
11436
86420
8080
58371
62006
82519
22101
77809
85877
23256
72307
24401
2594
2287
9990
60186
91603
34980
91689
34683
56898
51059
78276
91675
13803
31404
39987
66714
16223
79113
16174
5531
34181
71914
59840
71693
65221
56518
89901
95183
62814
24512
22550
59882
47925
62921
11386
97401
45379
24583
29673
36200
61667
66182
35638
62748
79164
33575
99494
61970
98169
38465
85555
81928
70564
38953
45246
78294
5548
1351
31778
17185
52846
71109
75885
9123
84840
66153
99637
64912
73389
62537
37938
64375
88106
91757
76965
40560
78287
80475
20859
63190
43151
92949
25304
52725
47717
30871
80422
60358
57620
29270
55307
44055
25987
17650
54355
41298
66804
1721
6328
39503
555
29227
13016
95344
50480
80322
72492
95318
98563
33311
29531
22252
35949
1721
90416
38351
61477
50207
80234
99161
79819
24848
73730
49415
48307
42176
65843
64517
61247
8982
86089
24583
15574
44680
63036
41701
39633
83999
4666
93813
25843
26993
40184
15623
23762
68758
89733
18115
2427
80895
89003
80822
34700
96413
43101
92793
7855
17577
18236
60881
21707
16705
5970
36867
64715
49826
57197
90240
69479
57509
32587
50356
43298
73035
93070
79903
33334
37120
94786
66095
51432
33980
65628
64726
91090
74858
62850
72638
1672
97721
66338
83056
38386
36766
7666
12474
87291
14080
28000
67726
30209
49337
81884
53325
445
45338
34867
4841
54290
49217
19359
68295
12593
87172
12232
33406
34262
91593
33007
43307
73423
69836
83298
34654
75029
30109
30131
64950
31828
26256
85619
13654
83307
37782
15108
48088
588
50973
8611
72770
75706
24680
83091
68119
33430
82952
12436
12578
25118
51059
6781
61928
34533
91888
24691
9949
12588
46257
33750
16691
81356
77085
67215
89756
34408
49006
95969
69183
3472
19544
44148
17003
98339
10199
56366
68
60582
55789
7285
74703
91958
70716
90276
70240
51196
13485
46789
27373
34411
47580
57562
6193
98546
71458
25180
93307
82386
20900
63171
79982
6202
50682
43356
66292
74259
40304
51943
52008
37108
66451
62448
25071
83860
42995
34479
10964
79191
73938
84775
68822
79962
74852
2902
69354
17164
19376
20733
39207
23536
73159
72051
25795
52265
98606
19087
89001
22426
95371
15784
75398
71139
11973
10033
34720
38650
86882
5492
46563
74899
19699
67550
18627
20098
46281
12918
6771
95940
9990
85045
38598
87969
76356
6723
63434
77411
31885
7212
41619
40531
25048
63113
238
36991
86536
72131
29392
76857
52617
67317
65063
49015
87441
84004
45691
1999
5398
19363
3779
82061
96255
56664
50068
25192
53753
18810
72119
65999
6963
67166
23460
88992
78939
45018
8352
32250
38298
48754
37448
56905
90222
46226
58628
1843
43287
65384
55279
41945
56730
70108
43139
47463
35664
38745
10757
9217
98376
54860
88961
15954
96489
65876
44681
46027
62902
54185
9179
73564
27683
41056
84472
12217
5101
79860
96573
77652
65036
62359
17786
23545
10956
1457
76890
26080
75950
28454
87863
20534
41408
31664
86716
83477
67987
47216
60431
36876
39485
80990
24910
93644
61772
69851
99939
85444
73741
75555
19400
23641
2782
91331
93635
40173
62194
84688
67746
4204
65310
92577
31380
46467
36453
22999
51863
69082
88075
47296
12132
49205
30893
51097
84497
77876
73869
17336
92122
78793
23617
56165
76251
97399
67237
5339
42089
78177
69782
21856
76627
47161
82631
23520
47989
70848
73539
49255
21249
19328
15178
76004
38039
61247
73167
8316
38343
88880
24767
10267
94027
44800
76807
56862
26195
49788
74307
66502
80427
9367
16856
36132
41322
85929
38130
47073
59203
30295
20669
81766
73779
82074
14892
22265
42827
98346
31070
17314
12599
97943
93515
14925
21015
91008
26738
84815
72849
40342
70419
63934
53788
42088
13153
78927
1168
25743
82043
37519
88132
43361
37176
73665
29470
74729
10062
77567
36742
99381
31004
43836
52113
92123
99735
66349
47562
35689
90219
27973
24728
73450
40126
81715
77802
33708
86103
18236
13609
72921
44568
31052
99446
60068
21911
17108
20164
65681
48715
17423
4404
76808
95177
56987
37890
45937
32601
56150
58374
86516
87833
77818
14531
69810
76104
56672
33509
33899
47516
62942
99009
55599
51545
55110
92394
21926
6650
67304
95586
49201
96013
19734
73290
40294
40683
86872
75187
48007
92046
51052
70057
38868
47574
96225
90070
8212
5493
4492
82432
8815
61835
57261
16463
27143
84025
17116
27369
72979
51741
80136
78692
1239
33380
99352
74982
41638
64254
72952
19998
80981
7633
77955
30024
88763
44321
26528
84983
22858
81987
25104
30198
31819
35025
42355
60140
49968
70152
74972
64724
40477
49793
74062
74659
78416
91638
62406
56514
69796
17980
41793
61251
15568
38155
38448
30094
98735
42893
81709
80184
92452
29875
31636
43241
10438
17707
35801
41802
14477
64411
84657
21002
48828
45156
32631
36104
25408
88177
75792
66741
96236
43171
4353
2426
69992
41332
88528
52558
54988
84652
94375
84972
83927
50752
37574
46180
6747
31265
14139
38949
81478
92130
2945
50957
19479
74209
69475
7116
91858
19610
90357
78705
17739
81516
9642
1586
74594
80920
25891
64948
72629
47921
65422
99516
33225
82828
27459
84308
16274
17081
69769
81278
60925
71034
69909
4245
35434
86242
77046
52390
58788
77848
27572
43776
9699
84231
55897
77508
75163
84129
57252
70017
46145
47439
13740
64393
7693
52620
8371
48505
55869
90699
60356
782
2087
66846
9083
24791
62361
90424
1052
34164
43652
60889
83575
5480
79796
47134
165
21973
45277
67708
63420
86217
43342
21092
26572
38332
55886
94322
32897
24030
99040
9808
38519
233
11724
86565
86829
25940
91239
94543
18055
76654
99591
45573
31023
91612
1386
5345
25089
65008
89733
51195
33030
99279
43099
84496
24540
30872
51758
55848
44379
38622
5815
50276
74022
3062
94036
63153
30081
3876
12203
57361
89917
15261
32346
77587
64563
87026
59472
24869
37812
1026
57676
12379
40535
8180
87785
42761
10150
93743
6758
17531
39791
21163
2177
31968
89983
59205
42554
67832
24556
99116
50832
93487
57553
36406
50847
13220
37573
83990
95135
64347
88974
11778
81115
35611
86509
80122
4847
81096
52075
14106
49812
96853
57717
22723
25446
67556
93142
79032
85055
37886
34093
5509
78715
73031
51028
18164
17564
73541
14550
7344
61088
64189
5119
9788
1914
95157
11741
32959
46724
86308
73201
66049
4175
1269
94938
78026
7744
94214
59671
43313
78946
99490
16421
68672
4366
74144
97369
24701
49464
62994
46316
51654
76267
77807
2354
71346
6167
25101
26299
13498
97435
94977
45426
63009
87633
45332
10842
19951
5384
84141
71308
53695
67621
26926
95953
77010
49817
16354
22888
53326
54108
8719
88708
65888
80141
25387
26276
21636
49038
11460
62962
73026
70566
67647
62745
98441
37200
82346
24269
32739
86988
43502
8888
66054
76660
69261
77874
26419
1218
61285
30795
45061
89715
8782
6930
71140
78855
4377
85033
73547
71236
56311
54200
10518
5650
92989
75541
81543
97484
34315
32054
15772
5831
53640
27588
25733
16894
54847
10169
95753
92746
87124
32854
76969
37831
72465
9139
11984
32179
70247
95980
86834
40613
85773
93711
81469
58189
6723
5914
63039
66627
54477
36568
35288
23839
2508
53295
93410
79957
31890
29354
55281
525
54864
67708
54985
14512
34660
54833
10497
76067
27695
12833
7278
98297
44925
5937
18068
89443
93891
11944
41460
51469
37964
71647
94685
39895
95866
16173
46776
78610
74611
87839
40677
64116
75237
94801
30807
27525
3252
10336
76506
6794
92083
78511
28101
27576
14281
36132
90116
60345
22758
19825
40498
26634
10629
37797
85928
23557
27464
98511
15958
58133
1245
76775
82771
12293
76670
81388
39475
67798
78986
44082
4032
23007
26598
91230
38584
63022
29526
33045
71359
87008
19483
30646
68492
1210
75070
83575
16015
40701
3582
25633
35678
95021
144
79203
56053
36819
98202
38175
62098
70453
15296
49065
47464
39608
50183
31343
21049
22812
80889
18190
88724
40204
71612
41021
1320
86444
11059
26494
24302
39394
11407
52937
94467
97426
81042
34372
29265
93439
98324
66782
16569
17652
34528
21456
16435
47528
85988
25269
82605
86872
90371
54556
3610
20377
44642
26838
6240
68162
55027
80049
68769
80390
80795
26154
37320
63097
1990
34814
41317
60690
92371
15743
44643
92396
75523
75442
99736
47613
15436
50037
8813
86451
7560
17780
6821
26740
41196
5148
46265
45600
43737
15440
55093
97294
86296
93191
64566
99273
55071
72543
89335
54551
12741
30
40316
94311
1727
18799
94709
13502
80241
81798
33840
11701
71084
42274
39699
48622
96111
33950
76493
91216
73218
42712
15021
59797
30879
7931
16243
67462
91262
17202
54560
13152
65923
47727
72704
78747
10256
96107
31128
87231
78579
71171
2104
53151
72949
86987
18565
32286
63342
28047
40054
67299
87298
27362
43766
11317
26333
65695
68014
36986
71516
64076
36642
68391
69579
14821
52683
7177
65401
82551
85395
74741
95230
23503
61979
22438
79508
6939
96660
56601
75264
98698
10378
72207
23013
92820
66095
66529
15788
83252
68006
14685
50618
31862
57343
40533
40899
12422
91381
3212
18299
52907
80712
97466
37399
44199
33055
9417
19544
36864
45836
30456
5455
83334
19348
24823
87996
41797
48906
1984
96928
44158
83977
81252
96345
47378
22330
10590
89743
32133
4136
20013
15516
59948
78768
73951
83403
47111
98890
7562
63727
77126
95635
72385
31871
39837
85110
14708
81904
41030
71903
76567
25714
86139
81634
84578
76352
26997
41695
7515
28318
97458
4745
35883
98224
62946
86672
55532
5951
92872
64118
94347
27004
13565
63218
8391
25599
74802
80904
18999
23480
25405
74763
16568
88275
95053
84539
84453
35535
65619
64179
6563
53099
77857
88726
9758
39497
44199
64591
94244
4836
50881
26542
20781
12476
27990
75302
90446
37808
85040
55419
10552
6405
60232
74806
20983
93939
47358
92614
63160
60475
55093
51623
97566
20628
57887
95392
55899
12275
93422
11509
90243
27275
16238
76078
11899
92710
59505
25299
90960
28073
99516
88107
9518
16357
64031
61905
87914
88086
95817
12156
33960
39493
55316
85068
96365
23019
81144
2024
93321
13131
67356
63652
57243
20690
15588
70448
50440
78171
52681
92662
88812
18425
50523
68130
31815
56104
74796
17617
44571
74500
35420
53387
73367
33625
96967
44665
10554
23966
61591
55090
26014
83375
80504
66144
73121
60283
35969
3570
39603
93594
75562
6892
63173
52057
54917
79193
7924
90
43428
89434
32915
39960
69238
933
83333
19054
44975
65154
67350
94525
94479
99045
47867
23914
66506
86982
43129
36094
67139
58286
98398
32775
13836
56300
95709
99295
91151
95775
10129
5984
10756
71991
48531
22300
25677
29333
20760
79860
8882
98503
18929
76820
86925
23564
85131
27517
36257
51911
54786
71186
49822
85283
62094
25358
10507
8861
51819
53915
89025
54777
55982
20275
32311
16443
52840
92451
80985
19504
69633
57459
55043
24397
1532
66734
89110
16080
72683
68591
51789
61340
79620
14010
39526
32661
77785
52672
59269
5737
6878
71654
6032
23760
25675
49050
66349
28029
64666
17532
34534
6247
57204
18335
48412
42033
16551
95187
13743
32507
25451
59171
32163
46556
41838
56891
49323
19415
12643
42513
59793
41454
31663
79921
84148
16842
31901
77922
2405
69993
87367
4481
46421
24322
26382
40523
47428
17549
39373
15067
29672
24381
45470
97481
68340
8037
81843
83066
70979
84883
35726
45735
99511
11578
70524
46549
53213
5549
41107
73089
53906
74208
66746
85679
75663
66075
10678
91100
72173
35501
20318
51554
86508
6134
45109
81506
48166
62635
87956
87127
83634
32034
60301
89519
68600
54768
24468
12071
65029
83460
66732
93009
48126
7526
94598
1820
21174
6316
2032
18112
43835
53828
32051
33754
14605
92663
55910
70861
36797
26547
753
52877
32282
60058
18717
56166
17216
87812
11045
76019
22552
52635
85803
68649
80831
16163
61596
53236
52831
64699
26435
76186
37137
34680
51458
36875
98521
85499
83315
37135
25430
32626
21454
44583
63927
54455
7421
97656
40556
37814
24154
89485
54013
61549
22736
40486
48952
98323
85730
78719
55353
19599
34586
60332
70364
63164
12618
96753
63148
48344
16099
45929
94952
529
15695
67480
61377
18446
77694
8658
97525
20610
94741
71654
8496
87498
90997
8483
66617
28962
66965
40687
38393
47398
43967
20617
76645
61797
36377
63375
70075
92925
90618
48561
15893
69580
25220
21843
17141
84207
55096
90819
86222
8851
41464
52897
83495
47747
49229
15744
55153
75500
54657
76454
327
19550
55882
9793
2089
65473
70784
76892
78346
95738
33793
75539
52847
74853
84540
4555
72303
88039
51997
93764
65366
49957
69442
42876
50450
55907
43956
44744
76612
19208
84248
88830
95051
62067
74286
31761
80159
67578
7312
69340
92411
21486
83977
93188
42119
32065
87043
71429
1006
69949
77389
99075
99433
57700
13639
81364
12065
37785
12767
11599
57941
69290
48643
23554
49518
40332
31108
58086
43202
41191
55960
20713
53279
88471
39796
70085
52970
52389
95440
26458
2108
50093
47075
85625
37497
63733
41854
6056
33598
57037
17894
15926
12811
79472
4056
51904
65780
15497
40443
22756
39862
37299
37180
63683
42335
23623
42041
80105
82648
43201
94205
5703
88613
31997
44687
90330
20920
76310
84311
60863
76947
76005
48528
75212
27034
98254
7788
54286
67210
533
79393
69181
69507
94366
43871
39668
24699
22843
86656
45252
33857
91929
50811
54840
36158
90780
80812
2176
83540
19050
50023
24635
73260
56860
96894
23916
77601
57529
99916
38899
44932
48506
72649
1241
60647
40089
4447
61079
79501
2808
4767
11282
4318
52955
48991
707
26930
51062
96875
28876
85975
98254
79652
2306
53711
88055
25446
63651
86652
65983
41176
5903
91079
24753
8329
3588
29444
7830
24435
21316
32848
22991
56673
95093
79725
64644
8135
58252
72003
58770
19940
43411
7629
8980
28357
12672
75496
66894
15501
69874
81691
4962
19910
37463
86580
73732
21530
81395
15212
39110
27892
1535
96443
96658
48203
2633
56510
98099
82689
70797
57720
92216
58131
40666
20529
31511
42375
32151
45849
38177
63506
60026
77831
83369
71424
18251
88743
44400
53094
90410
34269
14925
46313
60738
21789
47362
71455
57317
40903
9259
40863
97138
9002
65376
98425
64457
83178
82857
46121
17911
61751
92014
84691
76695
11292
8538
6067
24645
85544
16951
56586
33328
71489
5435
73091
78315
86936
44140
98062
28965
75130
48959
75946
59977
21315
31190
97577
82403
40136
8655
58669
13644
43243
18429
31399
75699
1156
4276
24666
92108
40299
20387
58193
5149
20658
99886
73010
81709
49722
81886
8845
14680
83219
92165
16342
51780
88405
45179
1900
55633
6983
59876
71708
32003
19783
46083
13415
39272
54464
33415
43772
32238
22098
22259
5787
32479
33570
27815
63211
2112
73318
86468
12009
22258
23331
54659
34498
28119
30634
66755
27770
44435
86683
19967
38910
4927
53481
75729
13680
85145
16347
40301
8467
57698
99276
75783
48596
29862
56259
86484
91849
55041
73782
47878
34212
29742
34094
99990
92366
17766
32041
91834
90352
63709
60012
99929
17531
50836
22804
32372
19156
13705
93446
47225
8245
97365
17768
60923
22154
32958
93511
18324
74066
29499
39092
12668
43804
37467
42825
45830
19860
91470
24038
48430
29499
44508
27883
65833
37218
73610
40099
68618
66049
70097
75911
17638
50791
48996
70690
81211
33243
96440
99486
94453
88846
66094
32681
11439
77164
20646
20091
27121
15428
63897
4578
44586
90395
63270
66502
82450
58146
25213
70850
66557
96546
33523
28166
86695
23544
90127
67823
60092
69151
50350
96247
69709
77193
11509
68034
53457
93322
43462
26928
9384
19464
83760
65037
6344
3439
11412
56397
21603
36909
65755
7239
49685
78448
45802
67386
17942
9
86546
88443
54543
71463
37320
4852
76931
17786
6890
15426
96796
55853
49267
91296
2645
25241
7534
79884
6295
78024
27668
28955
57461
4923
51665
71658
82871
27060
69015
33455
27162
96604
61610
54650
74788
14971
76865
83348
30148
51774
31514
77392
80585
84857
22079
88126
18256
90326
34152
46463
59565
90559
8014
41256
8740
50493
26194
57288
35022
56248
65182
8150
68741
32537
48325
97038
89168
17839
53798
23450
10265
29776
25221
77657
17842
91784
21555
23314
94288
59952
26631
98118
29560
67816
99570
55269
46749
10035
87708
80498
69101
70307
91076
65054
77031
17628
90546
24169
28747
15548
70590
51230
73564
1030
36096
92535
83564
89241
8590
33632
30413
20230
64484
22562
42569
63263
94406
54195
24967
42370
75906
88081
85098
23908
7933
61681
60007
68010
36073
1959
12588
25943
13803
30633
21798
85522
54625
50283
57039
74223
75814
33304
29314
60273
85581
91588
57467
50408
28028
73047
45022
62848
16156
84998
55755
31981
97969
9423
4026
52712
93521
84671
43945
17419
29498
57682
57472
23953
15223
19684
83849
78259
99566
35473
68773
27505
99727
74249
31644
6691
25673
50460
45035
31865
38907
93842
89836
88429
90762
16230
3471
11238
16571
95004
59166
80997
80318
50667
49092
20059
76981
98536
86173
49701
34285
13852
82835
83477
40953
64970
29321
15538
95351
83519
87785
44583
59229
19745
70685
35628
57907
54146
31874
66723
15644
80666
29615
41923
50147
19348
92360
5666
27710
72410
94118
89454
35750
29220
15542
30634
4280
23460
74555
56627
43210
99160
87792
69493
19217
33615
24841
86202
57871
12097
28917
40691
44293
45674
81231
43715
77972
83052
28963
59847
96148
62382
53236
92275
69219
19493
93316
22905
26435
90782
81934
23991
82561
48356
33115
4835
39021
72674
29910
38144
45709
60177
77302
24770
16251
11317
63551
17696
33751
8862
14445
88614
80409
80631
13712
57207
81802
17589
47173
30350
66759
73429
18482
37630
79558
95939
10202
47832
63460
50645
66325
92704
35506
19522
38925
48355
86229
42177
14908
75341
56826
75659
29414
17747
85990
99659
25508
30150
41725
25211
65243
85690
82530
76307
61065
57259
73897
8464
32557
86755
64803
44482
19043
98586
67979
88301
83448
47403
13602
95443
2454
55620
90726
49896
55622
47093
15649
39090
97591
85083
73459
96316
89371
11743
45052
42650
20371
68318
69941
50913
44710
59781
16595
31699
80111
94987
66969
6582
71305
9842
95719
55518
3297
50408
58798
76459
23468
64906
97549
63773
22123
47474
77688
23016
31005
73754
42927
92779
47928
42353
83381
99798
96320
65273
34943
71170
10429
86404
54932
31163
64162
66714
71138
12381
86318
27516
24752
23578
26616
80766
58207
83804
63982
55260
6450
38130
3748
37515
32146
87625
26224
80803
38259
92237
4916
33658
33384
85016
17445
77529
71509
10867
92091
14920
88536
12575
78085
64194
6948
75984
67445
61988
95222
4694
36529
81780
84151
64422
6027
46663
7652
89428
73357
86762
23935
14801
2609
11754
30181
22733
18743
53519
69912
56748
6453
90265
11298
71913
90175
52063
31458
12830
37716
77791
5841
19248
93588
35035
89477
49711
25013
33272
2458
12951
74439
27642
80691
94319
96031
87784
48348
57975
88038
58584
16808
43874
99977
25036
28535
88031
77343
49490
82320
97752
60748
44289
97381
63198
73822
91304
54170
41186
58129
60793
96358
78297
11585
27916
38613
34347
86301
53345
88401
15650
17117
17103
51056
82335
38627
32695
62199
93949
77622
40371
87329
78489
34369
55214
91036
10885
63175
39378
10528
50836
52209
62890
86923
89526
94840
80659
15205
98320
89107
81508
6953
47707
90111
88440
6094
3808
27775
49323
41838
31055
94687
42283
91808
70676
95227
10405
56941
82796
59822
23398
65968
2365
46564
57899
16208
72847
88889
31772
53738
78707
1361
43498
4179
21931
41764
32847
39778
18457
90142
27921
2642
21318
74548
56489
12642
70214
504
40127
15744
85141
94417
85461
82802
55737
45293
88556
39180
35901
89147
56480
19822
80231
38522
54482
24793
84731
16040
95686
27402
37475
87859
3553
13302
5348
12566
92209
50058
15374
93188
30036
56846
88361
53025
43893
55908
47635
7946
57707
36826
18098
74987
56404
65888
74725
96236
32311
6224
34938
92131
33373
34491
8539
35636
53144
58746
34418
68286
74162
89597
6099
55313
2643
16158
75435
18505
1916
59724
54618
94736
34082
63971
9420
848
59901
20286
23953
4358
74761
52853
50471
97115
66428
11579
85918
52313
575
72991
63767
36488
62787
62796
89821
50981
95217
45098
71410
63578
37653
1598
98666
7423
28275
34227
33622
90669
45780
91217
8075
21780
322
46424
99501
83415
8632
67981
91837
49617
31465
62577
30728
40022
13082
88855
89121
95993
3632
4971
63206
56050
43967
46845
95884
65058
13842
64133
40958
66461
75364
53475
77624
7809
57553
13718
81780
26945
69581
98912
33550
91739
142
33062
22767
28524
56821
39134
16212
71443
65256
82273
55036
571
79199
28736
44627
40423
44254
62003
26952
28840
62824
25048
23961
2847
30788
92613
93542
1318
16918
44509
39261
39552
70965
29541
21690
16801
43886
19095
18490
15790
12696
47455
63902
84674
75965
85330
13035
29296
67102
24856
48020
80613
52195
62975
22740
42204
87570
96702
23124
33769
69692
23413
53752
35906
22575
5663
56716
9491
48785
60189
59227
4950
78412
68645
23041
52930
7005
27561
50608
31219
34543
92056
78252
49693
66860
49004
99017
13807
95698
50475
38500
79267
91262
44153
62120
8178
54381
59618
16827
34391
33784
47228
78693
31766
57195
53618
23271
38017
88697
53200
16617
33112
81873
94547
44
12229
93800
70783
60487
61795
61994
60932
79488
90667
52342
77818
23270
71668
51743
52305
66314
28487
21390
37556
38363
37622
88997
28914
63812
74921
15808
95035
15312
39249
59863
81225
20650
97189
29045
27486
33479
1047
24983
31
56006
92391
39317
3983
83707
51968
9115
22502
48815
11202
57921
93020
98505
71577
33579
38124
89401
62046
57972
59016
38557
81556
46296
97223
25932
66570
22516
20126
70274
72844
19644
8515
26531
57486
69242
75394
14167
66389
84497
68293
76719
33965
75032
42715
49869
43961
27201
75097
29039
33757
85127
14727
87328
36955
97947
13283
18386
11077
23652
7818
37542
13228
11121
56950
82678
48423
20075
23541
47655
10602
27483
91602
17287
64031
21412
73238
27594
26653
80412
32771
33839
33753
55580
78657
6228
54897
48789
1014
93584
45485
86953
59197
35153
2361
9407
74176
54600
11718
12427
70273
83341
42829
25029
89745
84020
91115
99764
45469
62459
67425
44360
96692
67011
45636
35900
51053
99536
5746
40787
91663
43421
93992
31097
44373
47444
1713
58517
91724
11842
9436
66103
1481
13445
92520
30969
9000
456
37203
71164
41787
57029
35282
15412
10827
61960
68133
82072
91381
66587
39953
27601
87758
54001
73469
77592
77111
75045
1910
58691
40602
19704
22732
98977
79109
95045
98106
1841
19644
30228
90524
95645
18638
10357
95976
59846
98093
5127
79192
57503
79393
56221
58339
62130
59665
82318
79286
90282
17403
12035
15338
93435
89709
85902
40314
78274
20180
25163
67525
88490
82195
12793
82871
65948
66535
29094
30331
2189
61729
10765
26079
88839
52512
99404
6844
69223
3403
43487
2319
1042
58506
81616
50248
18984
51598
62599
80481
41574
73446
60440
67748
97879
89272
27651
52328
61817
4938
15937
3021
43137
39496
47393
35957
30698
48076
22834
77379
20936
55318
9445
95602
33275
69609
84645
95737
43613
63518
89908
8238
79912
85269
63572
95956
38959
75446
24336
80658
3886
54146
15519
94676
29436
97878
15662
39460
8151
47199
20681
56773
40924
97727
48460
22413
90709
95358
41535
62447
25587
46047
35240
10170
1577
36134
66582
50400
49158
5068
76684
59607
76878
93653
33178
39520
14888
6597
45126
92635
66805
32938
97216
31683
43318
14765
42706
97303
2825
32729
1714
96032
84456
2156
74843
61011
15838
99446
33730
32257
68622
76721
68963
48981
29564
63629
37598
26369
68027
68654
70621
66102
10463
48330
83846
17669
57116
78709
63831
71545
67534
29886
20450
10079
14755
63138
47860
38234
90066
16984
90061
71686
35836
45508
89769
9862
96165
46229
95595
75984
2340
58208
22570
93778
49630
26100
27882
66929
38139
50099
86463
48216
21294
70659
19949
71618
90241
31619
93018
99259
96101
17387
90596
93272
28113
81565
25516
25316
8041
26972
81885
55429
16227
32934
30887
97097
67092
88399
26585
37939
98580
73610
54087
82729
22322
35685
89479
47795
50727
48695
83940
2834
12470
10352
47670
9634
67633
52840
38382
13790
35487
14651
84896
75879
2799
15289
27201
19990
46591
20726
44759
56628
62762
98149
8343
56934
96157
49829
83208
32278
94572
2947
26477
70709
50107
57448
98802
16349
6790
51827
32811
487
74747
15713
62571
18826
67808
15153
24320
15437
64341
26921
52017
60611
62641
90813
37342
12258
19098
35396
71509
8065
59037
31355
88459
91123
38469
2271
2618
97496
94954
24265
73033
78197
59178
18963
13891
11868
59929
97225
75157
43675
89609
45741
91735
97338
11354
32910
40697
40337
62018
50849
47711
89316
12664
38308
41943
58934
63844
13362
63067
97915
10676
72047
80942
51301
85615
16492
70433
64744
92398
95705
45065
49708
86792
1404
43314
73947
82859
2498
4695
22314
2964
51430
10488
16116
89919
29812
66684
29030
77913
90670
69969
25598
39345
87181
19155
5637
3819
53357
18442
77014
36907
92724
79180
63329
87269
35530
68570
27432
79410
41006
70296
58121
11138
12211
97320
16704
38719
19811
35159
62534
26314
26631
60073
73912
30547
83670
78396
96953
76913
44413
41209
66655
61816
44252
320
58848
8751
94596
94305
96996
22027
12712
74896
51874
62066
87789
47848
71312
69529
95347
55982
12729
505
28453
38171
11723
15679
17860
94098
90179
57573
95696
59070
51140
47300
18878
16916
94158
23697
19482
68579
75398
38594
3355
8480
83668
85084
1624
22823
62977
40067
72035
9846
51765
21729
76372
45442
81994
75092
44051
45913
473
54379
52458
20868
95832
74926
20707
13706
83620
9048
99895
51806
98829
54928
88254
88208
14707
96510
22166
56360
9692
72020
89637
81469
78814
77610
32588
60691
22553
68860
52902
47037
23754
87332
51850
19725
28605
88285
34726
79496
62477
52402
65026
4012
92289
71407
82712
98523
66747
64603
44126
80684
43390
33642
45811
47463
90213
56467
38894
57698
29144
52498
66623
342
10715
72235
32067
67444
59574
64527
8893
37401
48915
95655
34293
44898
24785
26043
79623
66226
42982
27891
80414
20020
99933
25544
19914
34382
29837
94013
61347
52637
48858
82042
1999
22252
511
12688
50226
5074
65360
50533
7911
85595
52916
59814
10341
92948
54522
47319
48399
89945
99729
14324
76768
83571
2727
68889
74457
50472
95960
86281
89882
6719
18205
27016
23159
95640
34477
75547
60474
36990
51008
75867
57750
29843
34521
33142
79366
32114
7864
87374
54828
1712
12574
32260
43013
35267
28869
89481
76341
59841
70367
73364
78147
18273
45761
18399
66663
3597
20209
40874
95101
51851
69159
82588
65967
72452
27530
12335
36549
80838
61735
53021
45591
66386
714
64715
55874
25714
18643
96053
64268
10455
64250
45595
66307
30956
25845
31099
59444
63063
86559
23227
77420
85307
36013
90460
89738
13452
32504
20030
98799
26967
35424
13066
86715
29681
45897
2703
73183
88681
62307
76042
73413
46508
47077
87223
91913
3680
9668
89946
41860
37755
87942
61463
22624
3548
66811
83748
50560
72712
48383
58489
40223
42200
13241
98005
27646
84624
72582
52520
57617
571
23910
75746
10970
7447
80250
57961
62071
57654
65112
91112
1043
5001
40430
7098
46617
71269
54705
41452
17197
73882
42301
20598
97354
80577
12030
10664
78376
37120
2552
70131
93628
95609
32096
4272
89121
98138
52917
44659
54551
42170
37595
15736
91459
92142
46485
42930
17217
45783
94873
40928
32795
59014
22077
78285
47817
30616
94826
80288
37069
71000
60696
32099
61575
39071
42100
26220
45815
11723
24357
15572
42376
21798
30306
45159
26759
19712
72410
10371
75032
66188
70292
47676
15653
19204
23405
54801
17206
62157
11606
53499
19759
78937
66772
61480
40749
57071
16557
54926
53777
57528
99597
30511
19762
66038
702
64079
22525
26671
67497
67744
51439
76436
58926
80044
71644
113
86001
2872
98763
8130
64361
7742
81065
92406
61641
86911
68675
28260
8018
46778
82642
80494
53610
41262
82139
86443
38044
13901
68689
25407
62500
66618
40956
44154
4379
9936
75081
98584
46998
66074
30383
68863
91885
67340
96120
42171
11481
88520
42710
3261
37889
33474
68866
74432
49293
96183
77371
63044
77214
64450
24976
60224
40247
96269
25047
95339
9500
55778
54302
78303
80890
66662
8353
85776
52259
23811
11934
42275
37113
93235
61053
38206
40778
55562
28040
40942
54530
48655
29000
57786
79521
58367
17300
67869
53197
28240
31685
55139
15657
74888
22303
62348
32404
93633
67062
4239
77921
9985
64057
62792
617
80525
67236
49066
18795
51803
4754
37616
28059
68383
87039
79656
35358
75342
35316
71470
80017
85925
36948
94418
30138
96085
36867
62971
19293
58948
31363
59812
8075
35711
36471
4713
53858
51972
95013
63628
84940
31066
32365
83761
85611
5034
80253
67678
36363
8392
60183
54970
30164
68579
52900
64295
96219
16124
23711
90756
67879
92022
87111
95702
98836
72356
43156
33588
85729
42573
99792
64354
72794
93230
76961
71502
80221
86325
22692
34552
3057
15425
66797
17974
23226
91820
89007
11187
67716
97384
97370
91468
21171
29048
60701
54369
589
49665
89921
88734
45002
8231
16598
54574
80462
28573
92014
69070
343
5379
80798
81940
76892
87115
91223
44422
36770
53534
43107
41593
37732
92562
25620
45831
6054
89530
53480
56242
39272
83052
5702
59744
38721
44219
35028
55080
39968
65223
6077
24841
16973
82514
79599
66858
62862
79421
52884
92038
67707
53176
21675
15852
71483
10609
55869
5258
59319
2854
99426
24048
21420
63734
2842
92453
69438
71863
91331
95058
55664
73976
88219
74035
12462
86796
20326
14682
76186
89335
67113
51360
7418
21055
30289
33118
32388
70560
93143
73970
62026
41302
36033
54575
64332
565
34613
4426
7294
95299
92816
89310
77021
70500
22756
1829
84828
34733
46182
48248
39845
76066
6423
52631
52112
45555
96248
66603
11381
8658
15691
42809
17264
70339
29379
17917
90349
64064
44382
17637
65050
61759
39504
8135
2435
63352
70523
97843
32242
64055
56923
74618
48788
77384
89705
121
99433
12929
16630
49927
86065
15421
37781
85765
21957
17983
58361
44991
36778
23804
93389
49300
89719
40949
74277
29532
42505
49837
70562
88420
69666
24123
86726
33853
17167
42868
73517
19807
6970
22765
17426
79104
70129
61872
1473
15037
2211
33128
76075
35475
87318
3307
7095
29163
17849
59889
1216
79910
20712
44630
71575
55308
89706
19975
35262
49646
47499
59479
58587
63561
38297
91636
10870
1315
1315
56303
41490
16126
57363
3732
12671
17240
53759
33557
88425
6131
65417
7089
26835
54076
97973
22598
74325
83551
6446
71426
89163
76666
56649
7420
48082
90254
77170
67920
48382
90984
59092
79215
55578
98869
85316
29192
29051
48909
10348
2999
7085
27040
82602
72600
91380
7382
93999
1759
1072
86209
3117
42176
81630
16934
16692
68043
77189
39958
92651
38301
61837
97425
92722
18898
23830
70650
2953
8710
26180
99427
10278
59334
79585
78753
54252
75003
60
43568
56853
71219
20509
38417
24505
20564
87369
14949
65165
70285
69505
32325
71444
46274
91976
7604
7300
37502
20667
44925
54187
76905
41901
96846
78027
87159
45120
78540
68773
93531
99444
91396
73840
92214
91556
57460
86714
45665
37260
83842
34947
58039
3108
62562
97532
83516
17031
5390
55225
54016
6245
49850
21896
69967
77914
99596
76650
40373
39346
34038
39454
62809
69176
73566
45563
27002
64703
29870
24133
87653
65138
60827
64163
73593
36838
8804
19584
77083
36869
75767
93804
31496
2153
94953
78797
65307
78265
28668
53527
55374
10353
17679
46795
85725
96922
72854
64557
36766
88647
1176
40035
30443
60391
86858
73683
15683
38822
78384
63970
48162
72796
49690
16548
92597
11809
87657
68000
35507
43203
97611
60941
6822
83698
6599
20833
29555
77686
67368
4675
64228
18513
39265
19453
30022
42024
73538
30875
66773
68917
9843
92380
28836
87822
84584
54702
75557
27626
39741
76976
52048
33143
72275
96055
2210
61788
64501
10156
41945
87983
19342
14097
21236
47252
76775
29241
21334
57127
51664
56762
54642
98341
53164
87839
38308
23890
55289
63431
95094
71364
6804
84821
95354
94257
48217
6959
15326
43421
75477
51035
57075
26749
46862
39288
57941
64547
35685
40773
70928
13237
34393
10809
72575
66695
23105
36118
24363
66635
10427
27675
88459
6512
90543
72351
5574
34822
59754
75240
50372
56365
71044
90992
37238
34875
76067
89607
9326
67751
54183
4013
81663
42235
52563
469
79514
84366
55812
12966
63021
50476
85071
89934
91345
11752
57349
43767
92693
768
10301
23077
36741
46265
89006
95135
65072
91632
74730
57174
20493
32232
87873
94684
87999
31312
52280
83475
36740
22619
56684
42686
6570
21910
50652
73656
22707
33067
87630
38508
34370
29868
65006
30587
54035
90557
35344
92595
30509
26533
67207
15743
9876
76940
1061
69413
91450
1445
67101
59924
52046
62938
28673
11377
81261
80181
2230
31643
465
88216
85510
15173
8851
49276
39742
76354
24568
42395
32848
8329
34481
82561
61997
99595
36136
38172
87035
64418
37491
20708
64236
98909
34087
21949
4403
73225
14998
55180
22820
45467
68800
37502
87514
63988
64724
68544
75392
33441
73192
20949
52084
63050
18348
64918
71800
14790
91812
88747
51166
17887
57203
6435
75248
79115
47830
63232
52877
76662
90412
70653
66583
92690
55488
68602
34529
44782
31137
65463
37569
59442
11831
52157
58825
62605
51910
96781
99642
38862
63716
8087
20296
97222
78803
77933
44705
11581
88637
86670
27017
2600
59741
73461
10332
97129
88021
62658
61803
95348
80831
31375
28234
23846
14696
97868
25195
42832
36820
27886
94760
91154
87734
74487
32274
73378
85614
88661
63043
66300
64222
72692
58675
63336
28521
95662
74430
59245
4869
85085
5171
7715
9718
17527
77056
62067
3707
33964
79407
1997
84162
54021
41730
67467
29317
59016
97371
13663
32166
77345
74232
79863
89386
84418
50558
22289
69929
68701
91789
28577
63005
23136
82270
18810
47752
38970
48771
32578
43497
25383
98525
89003
59805
11479
20050
92355
15993
50671
58017
69933
99100
1015
69196
41433
61481
85393
85871
38162
73538
14222
52362
4720
38867
31486
15051
92271
51541
96619
56235
74359
38668
13012
52999
79679
48375
46263
29899
26521
45660
78133
225
56297
56442
46171
88285
43478
96470
91554
92602
41639
34691
4995
57932
51528
54887
82051
9499
29335
16591
77331
75774
61097
68846
44365
22444
34670
48005
68036
98978
57942
37769
99554
3701
60979
58014
37370
61319
62859
68575
10876
82547
20413
93156
49604
96202
44472
55379
40092
91284
81129
95722
48990
16129
76849
15074
60743
98414
19312
22295
68662
84185
41122
6700
43680
26174
19977
59932
50857
70545
11751
35664
82633
26368
10680
55314
56709
29081
1932
3063
21733
59136
66386
27860
44662
83681
58878
63146
1876
70712
46267
60359
59569
65716
13748
5219
88381
10938
57618
10027
50767
15438
88316
6176
45540
93277
29133
38189
59958
1470
38795
97227
7584
17860
74130
65117
1806
95438
40498
15274
65174
9161
23203
91756
49129
65207
96297
20819
70935
69037
97700
34225
82358
7652
26959
1034
75869
74966
9603
19556
8994
39081
74071
11119
59811
72066
50609
66181
26823
25306
67281
70216
48224
73543
55419
10997
95800
99282
8408
15155
31187
9990
980
93108
26377
7964
86356
14849
96655
82363
22524
8068
84254
32795
84048
37137
8464
92004
21591
24708
40926
52879
96742
37399
6428
54005
51298
3611
19468
70692
87776
77601
74752
24563
84127
86715
40542
60580
22457
97836
44531
19891
13214
4716
75679
42640
37179
54437
68577
88919
7276
59309
15658
14563
98366
14084
5935
80035
34575
53330
21691
49085
18500
7796
24341
86991
69780
60415
6172
33070
38164
93825
59705
77010
47092
75293
20080
47473
2880
80667
5414
4508
15822
76479
16963
38953
24234
64026
71345
82846
46965
99920
428
76352
57285
10343
66060
95991
75539
12711
7102
49010
53987
85399
97300
63332
59822
98840
78617
42984
37722
69279
55251
54287
7015
47130
70669
83868
59302
53748
57523
45410
30509
44032
34988
75875
94410
10698
61243
14987
5679
61462
39281
5275
71074
60292
47681
65228
54213
53273
64083
44197
93833
51335
44503
72945
7359
47824
26755
60831
31220
58862
29122
29009
66234
90351
20994
51213
35327
43504
29636
88572
72005
5708
87153
30887
38046
30372
56524
86007
35117
24598
97696
42330
65653
60879
74673
18390
41022
21122
34749
46073
8707
77868
25635
63072
63673
77713
9790
76236
74936
89140
46443
46941
41536
85590
16262
96381
83272
36
54164
20787
6621
83107
7436
81542
92346
62756
81117
78329
42200
39610
89754
69304
21072
98030
66041
40081
35591
45125
30485
96198
91753
33228
74220
76149
65523
11013
7948
10948
6397
47576
29942
9687
215
84013
32094
77002
76671
44368
3945
60245
24880
14880
37659
47932
8974
2033
34921
44145
6353
19345
45435
93145
36426
11709
64792
74540
41880
64356
93032
65908
71851
56750
65368
38633
46441
66936
33814
72891
4529
4166
2703
22658
49042
69862
47012
45028
76932
17143
93901
90442
63829
22609
27827
192
67974
55844
10814
63180
88994
57376
50448
84990
22140
91660
63484
94249
70497
87381
62586
63425
19701
21841
55111
99282
95228
26320
41223
41243
44445
12183
32353
59309
68537
548
72535
90899
38723
23290
13149
7085
50988
59341
88089
34660
39394
38439
63972
17378
36880
39786
6844
95882
9948
13550
55724
51721
37139
61764
17740
27493
58078
95577
33374
94852
52924
20001
62593
87280
61166
57734
31268
60197
30886
36573
63269
29239
53952
39079
1845
53814
93860
85627
14605
9227
67565
76894
53794
50012
8319
75364
48620
57031
71434
71404
3373
59189
28842
26434
37789
55255
97361
52474
7731
58068
15138
50141
99731
38249
67278
91761
23554
26265
94053
49070
52948
22871
3842
99054
93269
82192
79090
10419
27412
47387
56423
24653
96074
20284
67431
71841
41118
58457
81724
96619
37338
4167
43589
98781
88010
74950
65253
24886
83605
80715
1832
4204
54633
30515
56321
79495
69349
34750
88294
22761
55835
93867
33615
24177
52660
33272
54017
1859
82637
60334
49634
97410
76571
73612
38055
72751
40577
54179
40693
40888
16228
40082
6090
38158
55572
9142
43446
30703
84646
81301
81940
53085
85493
21684
38953
39359
60597
79561
68468
47599
60548
2745
96962
84947
70703
66995
70302
54809
34111
3935
51125
51724
39681
17005
64609
51568
70292
50922
53104
32038
4773
50859
88446
82983
5984
95401
92730
25751
49957
26561
33399
63777
1928
75076
42822
9452
21059
25071
45860
67089
46430
72864
23792
62592
327
28147
9959
8861
66227
93531
47835
97245
95878
42516
74874
27934
65109
21896
21149
30781
44939
78162
36833
82702
376
49389
76381
19204
2095
6364
15245
25574
49405
60154
66131
58913
11532
78467
22238
99644
45869
82847
92155
95008
22205
79702
17265
44594
73276
80659
18787
92053
41746
29781
87556
31154
24905
65226
51100
34104
90368
84119
42641
60537
64492
44876
13533
82432
87208
20074
49427
3072
18307
78503
37664
32846
96332
18207
40126
38579
59975
19517
43637
17719
82579
69985
68943
55311
50315
40289
57534
55928
82990
69355
37570
65706
59996
83609
52275
89955
37596
85537
20673
52024
35121
45604
30164
53651
24411
36291
30684
65622
75377
66493
44928
68038
15129
85494
10935
25690
34326
14784
85126
44188
40153
92864
65277
73018
18602
52606
52292
51989
94614
15165
96950
56948
90298
3806
21889
46434
86999
62773
30945
48062
65986
81744
69001
15287
43369
25267
85146
79657
22194
19118
63693
36786
15670
52010
68912
5342
6787
70703
71438
32695
28837
9571
61019
48387
93963
99013
31903
96894
57084
4393
1948
16764
64601
90872
69177
29751
20836
29880
82541
14915
3084
70497
95877
6046
6035
47595
54092
19341
90694
23563
36606
29371
80782
89979
52598
10969
89634
70305
93884
92208
53432
55910
94790
26894
26513
76477
31860
69561
85545
94582
8575
23890
17426
22808
33882
73800
12379
92668
44508
61433
85968
9735
85212
97828
92380
12372
13158
89760
70693
33374
50484
51957
45154
39911
21412
35256
23355
80247
7319
42238
6553
45155
44245
67564
39257
9974
24510
94433
5847
83017
31084
14930
61002
65024
94540
77610
74564
8022
75647
27573
49377
67188
64236
6812
20011
11040
22894
69361
35755
27158
2546
60206
94384
5548
94914
55223
75868
31523
22183
88764
53730
48371
8115
81086
26914
43636
79789
1622
81831
80828
12622
68783
63614
55316
88930
90022
47350
7297
35097
65971
66057
46739
49508
51008
9233
31599
62439
92548
10902
6701
49021
85542
59489
52918
18436
29565
64637
67268
82590
66806
99241
90143
68370
25335
51727
79983
82443
81714
35498
20081
42121
49661
17855
92768
16211
71981
37382
75195
56521
62522
90563
92277
64153
60338
66603
1492
2065
73373
47068
901
46187
44725
43746
14327
53107
40185
20141
8614
23672
64886
21921
90423
159
9885
93806
30802
48425
6875
79787
86122
75570
37164
82461
68654
99262
52397
7113
14114
54735
42889
20206
9191
76512
39061
51669
15106
52195
57604
61839
33393
55742
47918
58732
46930
8587
45934
91071
83859
34858
5330
3517
69583
26241
9713
64409
62633
16543
3787
40569
94626
63736
95902
35801
7037
99886
85513
41034
62906
86172
14010
82371
71411
89495
23585
6390
41305
27805
22585
76632
25283
54012
75407
20663
89969
13505
47715
54434
29585
2247
210
27719
82591
99570
56237
55075
82083
86084
73880
20863
15069
99992
81805
83407
69612
42425
73828
85646
75444
30791
90687
45134
49861
47397
25687
93287
30245
77574
70129
77649
30424
68643
17482
93296
65073
20218
10671
13168
85856
10192
94197
45489
51989
69208
18032
73870
51524
65418
36469
29133
10182
14419
93679
38660
7963
47745
19515
88728
74216
75138
24802
43896
93855
95329
79769
71531
97192
67985
79806
3733
59104
65523
90799
54735
93901
28059
41213
11205
96914
75437
44993
13505
68943
55257
86963
64981
37189
94267
78847
7948
22673
26508
91829
32716
82397
32384
63156
14283
42342
31072
2603
80295
20040
12155
55463
90348
59119
43657
49079
5249
62298
3456
385
43189
51747
22139
33316
76212
53158
66378
17776
60539
24425
41144
89501
56349
4522
44625
26804
53073
19495
14117
65857
45200
35521
49270
32913
49688
51008
44443
61644
38705
30246
25092
63237
69043
65424
3992
70695
461
27493
5677
50445
13002
92457
39084
45337
83654
97947
79589
80938
65674
14052
66198
89769
91518
11976
24889
33806
24894
95793
449
3079
25917
1669
77361
10870
99001
7808
43515
89705
91318
19845
52409
56287
57022
2205
22548
71277
86583
35490
64767
12192
23200
53645
52370
21617
24831
14850
46670
96348
56027
8372
59642
731
80627
6390
61678
36428
8202
80061
53259
47221
9201
74448
74037
78110
36680
75942
13038
93203
51830
81158
36495
68689
49756
42632
57933
64778
9885
67914
80284
93535
15257
65639
64502
91362
33777
44554
18645
35396
90846
54648
55222
25723
99343
56988
53514
68366
61345
87868
98466
78079
35863
90117
51891
17242
89031
60099
52078
96388
14009
71233
97022
36767
20710
31870
44324
6692
39520
61147
24224
29620
42907
97876
25905
67367
25922
23672
38382
21167
9826
53694
76837
81809
390
48407
78317
44029
58464
93734
99001
65389
49746
99488
44461
87505
80215
71874
93213
43390
13333
7016
31406
68777
53416
29499
75027
55736
42557
63978
2229
5085
60685
89748
98344
10057
95690
3834
66095
47557
12393
63767
437
92629
68450
30445
62703
77899
30794
12277
43201
87179
94617
68447
17823
29154
30948
52512
90979
98267
40939
8870
66932
82485
79474
62410
76131
33405
34534
65090
75750
40015
41642
55899
82380
50215
68008
6094
15282
99418
57192
79494
44625
37808
22656
12652
514
8830
94127
30834
92049
24084
66284
88569
29101
57597
54062
34668
47636
69171
4267
46201
61496
88398
8443
43776
27101
51049
55280
83454
47519
39836
92088
57370
75790
32019
98887
69120
60176
90488
5742
66445
17073
34538
44074
19631
22280
50894
3736
18044
75821
92601
12002
41780
34834
32494
76095
93623
21626
47576
42454
35641
63277
23371
90744
18764
72728
7558
65563
23948
51919
54515
48129
54410
25425
93382
61530
26764
5917
75072
50299
97442
17938
35988
13079
64160
48133
75923
92500
58821
27987
20873
1412
70267
19475
8084
16709
34121
61894
71716
27417
96451
52921
46621
77521
96354
86868
92928
85563
3935
7064
51616
74741
72653
53514
33439
12726
70337
31788
43341
9481
31370
34736
3833
54298
1209
32663
81797
44035
56790
45644
23357
70545
13811
3256
41267
8548
75188
15124
71839
71845
42570
93628
88829
67138
45562
68972
39033
81326
34089
31548
61045
84620
57201
28758
41841
89665
34393
76314
36945
53846
99284
74156
44436
9879
25383
53627
75287
64729
80490
24366
56989
81260
13638
32570
23066
86931
56840
25232
94004
29794
49211
92280
13451
94070
11511
41315
280
11254
61620
57928
34669
88152
37943
69701
97309
31829
11985
39202
80795
610
37656
90866
53270
19894
6660
70689
77058
42263
84906
59124
72506
93615
58520
47669
17259
35572
782
20266
69333
99303
84387
92230
45466
55394
68924
25786
84879
20649
72220
43247
77769
93791
40610
11555
34560
45694
74433
5468
6409
57978
43117
77204
32749
12595
53322
80227
60726
25196
51716
56641
88711
7409
72716
85985
40321
8772
27432
76302
96869
95532
69018
30315
2198
98053
75207
74580
30425
91811
20659
37339
12962
45921
95770
31530
17410
14474
34024
55007
47333
27384
96329
56185
2833
75235
39340
82926
54801
93359
5451
75831
86194
583
70365
98989
9319
61492
76934
5021
61848
37285
67278
48844
10569
21280
27632
43684
4590
64155
98994
27209
22290
55425
94840
55558
81452
40057
74406
75354
54281
46396
39909
12603
63574
65652
28663
75505
27797
65705
37691
17056
16513
68606
16555
40065
85888
96103
84546
87650
32462
1610
87108
28167
16862
36921
40002
15266
51128
50579
71359
44984
31152
19114
75059
55915
15382
25533
39536
51899
90751
31230
86209
44730
81209
12648
84038
97346
12497
84063
28189
45499
20639
27220
80097
38772
41735
75181
37379
59383
37355
49098
90922
48387
91591
61942
48105
70832
18353
50609
5114
96277
53652
10621
59243
32155
19777
92110
67532
63797
73835
47120
53670
56621
6889
96095
30774
85942
60217
48876
98032
3164
14343
37678
25156
70331
14194
8404
56045
61275
52838
54061
73972
67832
62034
52690
82762
76836
48669
87948
41619
14353
30929
33183
65317
28591
30687
35390
63630
69774
76629
26643
6539
73024
26640
29703
84547
65789
11641
94306
68240
20463
50945
36031
23076
64436
25686
51163
91272
48721
31002
57151
26775
26202
43001
49207
38312
93171
68564
44271
42926
3626
63817
89462
82828
54165
53763
8917
38267
1198
26685
1363
79591
73010
1153
10917
80240
51403
86061
90101
1587
21479
83349
57452
58513
30377
19604
85489
46344
54948
63385
40592
29218
30672
6795
95312
31033
83140
55617
87439
20990
73417
34338
86706
27610
77404
23032
60968
4320
26910
75232
60244
49061
41743
62933
66958
74324
98010
3795
36150
91901
6067
99059
11886
32917
97883
96375
60972
35651
15658
95906
14517
71453
34808
82021
69405
813
47506
9405
11363
70595
88764
91448
30647
7805
29941
24714
82403
28369
71270
54291
38208
52816
70810
57918
20773
55104
33993
35020
50729
88435
15993
28171
95923
94735
51240
16757
86044
96025
57470
24003
57115
58578
45989
31799
20425
18033
17507
29130
94538
23247
17827
82012
22430
14832
74144
34350
24847
16190
98503
90130
55468
76335
30080
26542
88254
25586
27984
7866
3876
16988
69342
84003
28735
98102
78572
69870
39137
38118
1509
64357
71171
17482
29012
90505
80896
30413
57284
40850
80602
86693
48965
1384
37025
79600
98603
98631
67361
29183
57276
60614
79697
87767
53909
89224
96177
32023
30185
45454
37649
55633
57944
79900
69362
23467
71359
53443
76053
82265
67224
23657
4438
7968
10188
60759
33761
18471
19260
24017
43497
78588
92863
44004
33070
78089
20472
70313
13523
43352
48017
25198
44376
39677
32861
42777
49188
26486
32874
9209
10232
22069
74332
34363
494
4274
95984
19018
1070
58446
48662
55030
77665
44072
73834
63909
65707
87309
77121
88468
16844
51781
20268
40964
26120
29478
82183
2345
24146
69681
47854
48654
48447
49627
1384
40097
10438
57054
11340
61806
79837
74855
18161
29573
18794
71617
93584
79938
56496
81165
5894
19876
98964
44688
53504
9592
30230
48913
77168
87466
95212
48503
75075
35918
46397
74908
51239
66089
10464
55987
5812
18559
943
39314
24912
59031
12896
45948
97134
86486
72057
43549
13168
36167
52871
92970
91169
44673
91136
55630
90217
1513
63028
4831
46128
74923
41191
88613
57979
99721
61675
92780
73938
64822
43472
29996
13661
84200
11184
23542
87155
85809
52186
35872
46839
8131
68530
10129
7349
29922
22563
57417
80650
86212
40212
63924
10686
78073
8369
17342
3708
66448
83696
45728
94511
30156
46222
22063
40260
8468
6696
77084
72682
92915
87708
33715
15427
52241
53031
39470
19070
51227
2725
31701
13427
1303
72199
95557
74585
68778
41627
96431
29364
52561
47882
6600
2190
80800
18913
62071
35338
31134
62370
41185
24895
56650
71532
79005
75782
79073
45869
49395
64395
68528
14287
16777
45701
7770
5292
80858
35728
82030
80854
45880
32890
99648
33845
15256
33024
65286
51285
94015
32474
86210
99487
46560
94801
95382
86120
33998
49103
81687
48220
18491
93802
11461
81141
4581
74481
27099
85114
14068
31508
79974
51483
34922
20745
84116
5125
64417
50644
34320
27863
47589
92653
69388
87799
44361
32857
77145
30679
66396
13462
29203
57595
83010
27989
36201
45757
3284
88321
87943
2239
83761
61034
70528
74442
47435
14415
49424
93815
68059
86607
950
55217
71101
75774
57675
63448
27633
1273
38772
7127
35938
76347
63433
56108
46593
3679
13773
55949
35049
58679
4044
77196
7217
7307
61144
50270
66891
13275
52134
34010
24040
45588
62319
31044
24566
92181
54821
28247
69033
40660
71323
44596
95267
96302
42482
50296
77099
86027
33690
57598
89070
83362
6815
66399
64965
10783
43914
11889
92329
86609
70773
35600
8244
69309
44615
86947
30771
52878
93904
1639
9127
12530
74190
94960
63514
67204
40849
4436
2207
50884
63746
51046
61536
427
47821
46373
4319
91667
71052
95528
1585
90413
21178
22091
38488
84380
75182
68708
79690
79283
66924
13505
90542
83486
86187
65471
416
74695
92501
52210
57523
84075
44610
75844
21000
53099
79102
34330
54939
21621
1271
46685
32829
98949
8014
82013
90199
60467
38918
66638
6054
49099
24345
84025
26033
74126
20426
75295
9707
58546
94988
18957
65790
74751
52169
96373
76866
57710
65755
75382
13366
86639
49254
17832
64503
16152
47140
85181
51463
59251
67692
14695
43454
91570
24925
36656
57337
7572
7349
96815
7692
73879
5004
7298
55534
42999
19311
52497
67661
8599
26179
62613
22356
67018
89684
72455
9152
41841
81165
28886
59130
65044
5303
93528
9839
38071
61485
60681
44035
28815
74378
17604
96431
64845
1892
5613
91567
23600
13991
38106
5132
72592
59332
83335
3624
64806
62090
57624
48991
968
85829
59325
90681
54871
69085
15168
14492
11446
79973
88010
72156
26872
78871
13531
20261
20771
5698
7782
69031
48536
80115
23522
23232
76148
40540
26251
5809
29505
59794
11281
99594
96146
6965
31524
98597
53988
66150
27497
95214
65857
55768
19442
91284
74221
27788
20635
41403
5606
92153
78006
10560
41753
74905
61901
85601
63139
38988
99447
30048
31532
57785
40664
60093
98986
87944
83218
4984
24910
59839
34366
8233
75739
42717
79316
42802
49088
40698
52702
22548
93891
4768
30472
5481
71187
2860
25740
83298
56091
53965
29042
69980
60457
36150
38304
47589
19609
28393
68223
30765
37103
99113
1954
5100
8502
44465
51640
49997
23750
56476
8534
73556
41092
40292
95502
47013
77184
23115
1506
48029
41607
78503
6103
31734
92326
8544
7178
33798
68207
28021
62963
49674
24764
33655
80550
75891
79874
94424
75281
3419
87766
95718
7455
37430
73209
10352
5034
94832
72120
81411
35139
72322
99268
28064
20384
95370
83178
54694
5015
53187
47552
93310
28809
93013
27678
19753
21982
10284
51965
91963
69534
20536
88206
12779
63667
99555
48518
25049
46008
17527
63521
79118
18643
37047
40208
40334
36370
26913
78070
80362
26866
5332
6902
40035
68948
33934
89530
40797
88192
74988
80959
29930
67624
97486
75818
61045
61380
30243
25822
96126
97390
95530
40790
83265
62126
36434
58072
76463
82862
1262
12280
91745
5127
61571
48830
29162
62767
72339
58809
88781
71989
20991
59348
65200
58847
69917
79097
38458
34831
91617
46130
52893
65711
4298
22480
6858
5432
61098
51775
94090
27969
52356
12300
61533
10142
6455
90488
91707
81859
91333
77019
15345
33641
61057
65574
98571
48461
2154
76833
69505
61708
44167
21002
32712
29610
13529
31784
87797
23171
94247
35394
76810
56534
65214
30574
13165
6971
85700
97877
64531
33893
69074
2094
92511
51472
79993
76883
23854
84006
88089
54697
22473
6756
66356
44101
64640
40808
29785
66424
37666
85095
17644
43803
18390
67060
95855
82206
44310
87808
98411
18794
55008
86975
99645
44241
2010
75340
71077
47091
1129
30549
26313
44889
91182
23938
73433
57581
89658
3240
33392
48045
14389
11654
46578
22552
67794
25179
16175
28512
31899
59531
12172
89760
95553
82719
25968
48818
90938
15036
11382
46529
36503
4293
23021
7760
31780
53123
26739
74817
61304
49818
86146
29102
73554
54522
2406
71096
94415
87732
43640
54548
25709
75370
25631
21480
80268
31304
3730
52530
39895
31622
6973
34708
89501
60280
29578
67295
81771
20554
60949
52027
78789
70640
73341
33130
35746
70985
30907
85403
20283
64682
93573
94797
90498
56922
89223
4683
84248
88910
55669
42696
32121
86057
10817
16642
26391
75027
70187
74308
62416
80230
76078
53408
65595
76350
7395
48714
99140
66041
46416
68575
90108
1404
70566
60785
91320
74771
28540
71659
47379
90311
16441
69936
29337
61335
87578
24658
19186
23569
78208
80888
14120
91027
87071
96920
83726
18369
81720
72028
60268
70067
61174
26965
47927
30040
97623
6471
76115
79705
6324
79572
86480
88212
11444
38023
93571
43735
83068
78863
3638
75015
39848
59939
66797
99647
97147
93741
16711
356
30485
63889
87583
4271
82644
75580
86589
32852
5282
74656
49102
55453
89258
11406
72374
66542
26143
52818
57003
11594
51967
62316
88375
26988
43707
99189
48839
12322
77059
19477
77631
49942
38278
24804
34113
10497
42068
11629
7499
88771
95498
54115
41225
74295
71498
84928
26451
90677
47300
69669
56330
45156
61423
4688
1015
60295
59487
56139
4828
23813
5402
45676
37610
47509
71660
46560
44103
75753
71754
63689
29003
81034
92554
82142
4340
43028
25290
35850
29798
27787
97349
14570
74665
16034
87102
51353
60569
14445
75643
56472
84307
29727
99845
60558
40362
79620
9063
46628
10128
84699
62982
5913
25022
51993
51072
82691
85200
79903
90056
34274
76675
90662
67647
81580
18874
88087
64685
29702
69722
85286
67898
61196
80657
78711
90710
69057
76427
42316
75378
39164
32745
40256
30180
63876
34963
15790
1589
96557
26610
95269
9163
60035
34014
82060
71479
31520
11802
19664
84072
10995
84784
15115
73387
67033
24304
99710
10053
76331
59367
13304
25326
91465
8702
66491
33409
22364
32052
69473
51456
98677
58911
48704
88166
36105
81757
93347
2128
40918
60896
72701
41669
879
52993
59061
61997
15117
91196
99311
46708
43757
47945
70182
70610
53472
98435
19148
21077
85861
12841
79876
38770
610
30012
58635
9962
86139
38177
96855
18358
59210
58077
4948
88305
36010
18309
30704
26050
91031
32184
77718
51478
31273
69462
39619
90737
21387
27029
61762
36636
54076
93517
44256
67701
18640